name: toodeep
channels:
  - conda-forge
  - defaults
dependencies:
  - blinker=1.8.2=pyhd8ed1ab_0
  - bzip2=1.0.8=h2466b09_7
  - ca-certificates=2024.8.30=h56e8100_0
  - click=8.1.7=win_pyh7428d3b_0
  - colorama=0.4.6=pyhd8ed1ab_0
  - flask=3.0.3=pyhd8ed1ab_0
  - flask-sqlalchemy=3.1.1=pyhd8ed1ab_0
  - greenlet=3.1.0=py312h275cf98_2
  - importlib-metadata=8.5.0=pyha770c72_0
  - itsdangerous=2.2.0=pyhd8ed1ab_0
  - jinja2=3.1.4=pyhd8ed1ab_0
  - libexpat=2.6.3=he0c23c2_0
  - libffi=3.4.2=h8ffe710_5
  - libsqlite=3.46.1=h2466b09_0
  - libzlib=1.3.1=h2466b09_1
  - markupsafe=2.1.5=py312h4389bb4_1
  - openssl=3.3.2=h2466b09_0
  - pip=24.2=pyh8b19718_1
  - python=3.12.5=h889d299_0_cpython
  - python_abi=3.12=5_cp312
  - setuptools=73.0.1=pyhd8ed1ab_0
  - sqlalchemy=2.0.34=py312h4389bb4_1
  - tk=8.6.13=h5226925_1
  - typing-extensions=4.12.2=hd8ed1ab_0
  - typing_extensions=4.12.2=pyha770c72_0
  - tzdata=2024a=h8827d51_1
  - ucrt=10.0.22621.0=h57928b3_0
  - vc=14.3=h8a93ad2_21
  - vc14_runtime=14.40.33810=ha82c5b3_21
  - vs2015_runtime=14.40.33810=h3bf8584_21
  - werkzeug=3.0.4=pyhd8ed1ab_0
  - wheel=0.44.0=pyhd8ed1ab_0
  - xz=5.2.6=h8d14728_0
  - zipp=3.20.2=pyhd8ed1ab_0
prefix: C:\Users\brown\miniconda3\envs\toodeep
